0.0 0.475862068966 0.600574712644 0.598039215686 0.598039215686 0.619252873563 0.506896551724 0.434482758621 0.45 0.201724137931 0.139655172414 0.481034482759 0.212068965517 0.170689655172 0.134482758621 0.555172413793 0.612068965517 0.196551724138 0.643417366947 0.160344827586 0.620689655172 0.51724137931 0.512068965517 0.778223495702 1.00444444444 1.00444444444 0.825706214689 0.881142857143 0.804011461318 0.897134670487 0.860744985673 0.813920454545 0.834375 0.832670454545 0.793465909091 0.839488636364 0.788538681948 0.844285714286 0.773065902579 0.798853868195 0.804011461318 0.819484240688 1.04444444444 1.03944444444 0.819484240688 0.810857142857 0.829512893983 0.804011461318 0.915659340659 0.840114613181 0.845272206304 0.85558739255 0.958739255014 0.804011461318 0.907163323782 0.864722222222 0.85558739255 0.840114613181 0.809659090909 0.891690544413 0.912320916905 0.85787965616 0.798309859155 0.799436619718 0.917478510029 0.970241286863 0.824641833811 0.959052924791 0.814899713467 0.918624641834 0.87106017192 0.824641833811 0.865056818182 0.827556818182 0.804011461318 0.834957020057 0.834957020057 0.891690544413 0.798853868195 0.85558739255 0.846991404011 0.824641833811 0.840114613181 0.950395778364 0.842897727273 0.945042492918 0.92106741573 0.801988636364 0.85558739255 1.09228723404 0.840277777778 0.719047619048 0.734173669468 0.71652892562 0.849866666667 0.732417582418 0.693871866295 0.698626373626 0.81590296496 0.834139784946 
0.475862068966 0.0 0.636781609195 0.552661064426 0.547619047619 0.536494252874 0.475862068966 0.434482758621 0.455172413793 0.465517241379 0.491379310345 0.475862068966 0.527586206897 0.455172413793 0.486206896552 0.513793103448 0.601724137931 0.475862068966 0.587955182073 0.491379310345 0.656896551724 0.512068965517 0.346551724138 0.834957020057 0.999444444444 0.994444444444 0.851129943503 0.886285714286 0.788538681948 0.886819484241 0.876217765043 0.844602272727 0.905965909091 0.832670454545 0.859943181818 0.880397727273 0.840114613181 0.849428571429 0.834957020057 0.834957020057 0.845272206304 0.87106017192 0.989444444444 1.04444444444 0.87106017192 0.857142857143 0.82435530086 0.860744985673 0.905769230769 0.804011461318 0.834957020057 0.829799426934 0.927793696275 0.85558739255 0.876217765043 0.834722222222 0.840114613181 0.814326647564 0.896590909091 0.840114613181 0.907163323782 0.883667621777 0.859154929577 0.865352112676 0.876217765043 0.902680965147 0.865902578797 0.979108635097 0.804584527221 0.869914040115 0.840114613181 0.834957020057 0.829261363636 0.873579545455 0.834957020057 0.798853868195 0.850429799427 0.886532951289 0.85558739255 0.840114613181 0.919197707736 0.87106017192 0.865902578797 0.974142480211 0.812215909091 0.939943342776 0.926123595506 0.848011363636 0.824641833811 1.06835106383 0.845277777778 0.698879551821 0.688795518207 0.71652892562 0.787466666667 0.752197802198 0.693871866295 0.757967032967 0.777088948787 0.843817204301 
0.600574712644 0.636781609195 0.0 0.678711484594 0.678711484594 0.588760806916 0.636781609195 0.595402298851 0.621264367816 0.579885057471 0.595402298851 0.605747126437 0.600574712644 0.600574712644 0.569540229885 0.669942196532 0.71676300578 0.61091954023 0.734173669468 0.605747126437 0.647126436782 0.616091954023 0.621264367816 0.928366762178 1.045 1.005 0.902542372881 0.969142857143 0.933524355301 0.920749279539 0.938681948424 0.934 0.903142857143 0.935511363636 0.923714285714 0.928857142857 0.974785100287 0.913180515759 0.923209169054 0.97994269341 0.959312320917 0.928366762178 1.02 1.1 0.96446991404 0.931609195402 0.94553314121 0.969627507163 1.00027472527 0.954154727794 0.959312320917 0.954154727794 0.995415472779 0.969627507163 0.954154727794 1.00195530726 0.933524355301 0.96446991404 0.970857142857 0.938681948424 0.990257879656 0.955102040816 0.920563380282 0.906478873239 1.00573065903 0.995967741935 0.938681948424 1.02156862745 0.934097421203 0.949855907781 0.912893982808 0.892263610315 0.928857142857 0.915056818182 0.974785100287 0.923209169054 0.954154727794 0.959312320917 0.969627507163 0.974785100287 0.978674351585 0.96446991404 0.959312320917 0.987335092348 0.930397727273 0.940509915014 1.00758426966 0.920170454545 0.954154727794 1.06409574468 0.886944444444 0.800280112045 0.754901960784 0.845454545455 0.830666666667 0.802754820937 0.804178272981 0.826648351648 0.816442048518 0.895967741935 
0.598039215686 0.552661064426 0.678711484594 0.0 0.00504201680672 0.672268907563 0.62324929972 0.582913165266 0.587955182073 0.562745098039 0.582913165266 0.6081232493 0.587955182073 0.567787114846 0.59299719888 0.498319327731 0.397478991597 0.587955182073 0.352941176471 0.547619047619 0.59299719888 0.62324929972 0.577871148459 0.907541899441 1.09512195122 1.05609756098 0.902479338843 0.902228412256 0.90251396648 0.927374301676 0.947765363128 0.890858725762 0.895844875346 0.879778393352 0.85595567867 0.850969529086 0.912569832402 0.971587743733 0.872346368715 0.90251396648 0.922625698324 0.937709497207 1.03170731707 1.07073170732 0.967877094972 0.873259052925 0.841899441341 0.937709497207 0.988203753351 0.907541899441 0.932681564246 0.907541899441 0.962849162011 0.922625698324 0.90251396648 0.943631436314 0.852234636872 0.887430167598 0.941551246537 0.89748603352 0.982960893855 0.939944134078 0.91510989011 0.906318681319 0.937709497207 0.983246073298 0.942737430168 0.972282608696 0.91312849162 0.91312849162 0.932681564246 0.927653631285 0.880886426593 0.879778393352 0.912569832402 0.892458100559 0.912569832402 0.937709497207 0.937709497207 0.917597765363 0.933798882682 0.947765363128 0.942737430168 1.02396907216 0.919667590028 1.0091160221 0.990136986301 0.884764542936 0.90251396648 1.15376623377 0.842276422764 0.802732240437 0.728961748634 0.711827956989 0.8796875 0.85764075067 0.767934782609 0.795710455764 0.894210526316 0.953805774278 
0.598039215686 0.547619047619 0.678711484594 0.00504201680672 0.0 0.672268907563 0.62324929972 0.582913165266 0.587955182073 0.562745098039 0.582913165266 0.6081232493 0.587955182073 0.567787114846 0.59299719888 0.493277310924 0.39243697479 0.587955182073 0.347899159664 0.547619047619 0.598039215686 0.62324929972 0.577871148459 0.907541899441 1.09512195122 1.05609756098 0.902479338843 0.89721448468 0.89748603352 0.922346368715 0.942737430168 0.885872576177 0.890858725762 0.874792243767 0.850969529086 0.845983379501 0.907541899441 0.971587743733 0.872346368715 0.89748603352 0.917597765363 0.932681564246 1.03170731707 1.07073170732 0.962849162011 0.878272980501 0.841899441341 0.932681564246 0.983378016086 0.90251396648 0.927653631285 0.90251396648 0.962849162011 0.917597765363 0.89748603352 0.943631436314 0.852234636872 0.882402234637 0.936565096953 0.892458100559 0.977932960894 0.939944134078 0.91510989011 0.901373626374 0.932681564246 0.983246073298 0.942737430168 0.972282608696 0.908100558659 0.91312849162 0.927653631285 0.922625698324 0.875900277008 0.874792243767 0.907541899441 0.887430167598 0.907541899441 0.937709497207 0.937709497207 0.912569832402 0.928770949721 0.947765363128 0.942737430168 1.02396907216 0.914681440443 1.0091160221 0.990136986301 0.879778393352 0.89748603352 1.14909090909 0.842276422764 0.807650273224 0.733879781421 0.706989247312 0.875 0.852815013405 0.763043478261 0.790884718499 0.889473684211 0.953805774278 
0.619252873563 0.536494252874 0.588760806916 0.672268907563 0.672268907563 0.0 0.515804597701 0.495114942529 0.520977011494 0.562356321839 0.608908045977 0.526149425287 0.603735632184 0.598563218391 0.61408045977 0.652161383285 0.600288184438 0.552011494253 0.611764705882 0.583045977011 0.583045977011 0.572701149425 0.526149425287 0.905730659026 1.02305555556 0.983055555556 0.951412429379 0.941428571429 0.87994269341 0.958620689655 0.936676217765 0.925925925926 0.946438746439 0.856818181818 0.849002849003 0.931054131054 0.926361031519 0.909714285714 0.946991404011 0.931518624642 0.926361031519 0.926361031519 1.00805555556 1.03805555556 0.926361031519 0.908022922636 0.895128939828 0.952148997135 0.909340659341 0.910888252149 0.916045845272 0.921203438395 0.957306590258 0.952148997135 0.931518624642 0.91922005571 0.916045845272 0.931518624642 0.942165242165 0.926361031519 0.967621776504 0.928653295129 0.908450704225 0.919718309859 0.983094555874 1.01715817694 0.952148997135 1.01899441341 0.921776504298 0.933620689655 0.910888252149 0.926361031519 0.874643874644 0.933522727273 0.921203438395 0.86446991404 0.916045845272 0.926361031519 0.916045845272 0.931518624642 0.954885057471 0.952148997135 0.926361031519 1.01081794195 0.913068181818 0.969121813031 0.980337078652 0.897727272727 0.946991404011 1.03829787234 0.878888888889 0.768067226891 0.768067226891 0.789531680441 0.858133333333 0.765659340659 0.747632311978 0.840659340659 0.867924528302 0.910215053763 
0.506896551724 0.475862068966 0.636781609195 0.62324929972 0.62324929972 0.515804597701 0.0 0.429310344828 0.455172413793 0.465517241379 0.475862068966 0.444827586207 0.512068965517 0.475862068966 0.470689655172 0.596551724138 0.596551724138 0.475862068966 0.59299719888 0.522413793103 0.605172413793 0.543103448276 0.501724137931 0.840114613181 1.05444444444 0.989444444444 0.866384180791 0.906857142857 0.860744985673 0.907449856734 0.87106017192 0.875284090909 0.926420454545 0.868465909091 0.839488636364 0.905965909091 0.860744985673 0.916285714286 0.865902578797 0.927793696275 0.891690544413 0.891690544413 1.02444444444 1.01944444444 0.907163323782 0.898285714286 0.881088825215 0.907163323782 0.925549450549 0.87106017192 0.865902578797 0.85558739255 0.922636103152 0.902005730659 0.902005730659 0.909722222222 0.896848137536 0.87106017192 0.917045454545 0.902005730659 0.891690544413 0.85787965616 0.823661971831 0.900845070423 0.927793696275 1.01849865952 0.912320916905 1.00417827298 0.830372492837 0.903151862464 0.917478510029 0.896848137536 0.890625 0.924715909091 0.865902578797 0.860744985673 0.85558739255 0.902005730659 0.896848137536 0.896848137536 0.929512893983 0.902005730659 0.912320916905 1.00263852243 0.883806818182 1.00113314448 0.956460674157 0.899147727273 0.85558739255 1.05877659574 0.845277777778 0.719047619048 0.739215686275 0.756198347107 0.854666666667 0.806593406593 0.703899721448 0.827197802198 0.859568733154 0.887365591398 
0.434482758621 0.434482758621 0.595402298851 0.582913165266 0.582913165266 0.495114942529 0.429310344828 0.0 0.21724137931 0.413793103448 0.434482758621 0.23275862069 0.491379310345 0.429310344828 0.455172413793 0.508620689655 0.596551724138 0.424137931034 0.598039215686 0.470689655172 0.620689655172 0.279310344828 0.470689655172 0.809169054441 1.02444444444 0.984444444444 0.825706214689 0.891428571429 0.850429799427 0.897134670487 0.87106017192 0.849715909091 0.895738636364 0.863352272727 0.829261363636 0.875284090909 0.834957020057 0.849428571429 0.845272206304 0.881375358166 0.886532951289 0.845272206304 1.00944444444 1.02944444444 0.876217765043 0.918857142857 0.886246418338 0.881375358166 0.940384615385 0.886532951289 0.876217765043 0.886532951289 0.943266475645 0.876217765043 0.912320916905 0.899722222222 0.829799426934 0.891690544413 0.830113636364 0.922636103152 0.917478510029 0.868194842407 0.823661971831 0.834929577465 0.948424068768 1.04745308311 0.886532951289 0.969080779944 0.840687679083 0.952435530086 0.886532951289 0.896848137536 0.880397727273 0.873579545455 0.824641833811 0.778223495702 0.850429799427 0.896848137536 0.829799426934 0.860744985673 0.898567335244 0.902005730659 0.886532951289 1.01213720317 0.863352272727 0.965439093484 0.966573033708 0.848011363636 0.876217765043 1.06356382979 0.810277777778 0.734173669468 0.703921568627 0.736363636364 0.854666666667 0.747252747253 0.628690807799 0.753021978022 0.845013477089 0.872849462366 
0.45 0.455172413793 0.621264367816 0.587955182073 0.587955182073 0.520977011494 0.455172413793 0.21724137931 0.0 0.434482758621 0.45 0.103448275862 0.460344827586 0.455172413793 0.475862068966 0.570689655172 0.601724137931 0.439655172414 0.582913165266 0.460344827586 0.656896551724 0.341379310345 0.470689655172 0.798853868195 1.01944444444 0.984444444444 0.820621468927 0.886285714286 0.834957020057 0.881661891117 0.917478510029 0.844602272727 0.859943181818 0.842897727273 0.803693181818 0.834375 0.814326647564 0.900857142857 0.834957020057 0.829799426934 0.845272206304 0.834957020057 1.04444444444 1.05944444444 0.87106017192 0.862285714286 0.870773638968 0.840114613181 0.930494505495 0.850429799427 0.886532951289 0.886532951289 0.958739255014 0.865902578797 0.917478510029 0.874722222222 0.829799426934 0.834957020057 0.845454545455 0.896848137536 0.922636103152 0.842406876791 0.813521126761 0.789295774648 0.953581661891 1.01367292225 0.860744985673 0.994150417827 0.82005730659 0.931805157593 0.907163323782 0.881375358166 0.880397727273 0.827556818182 0.804011461318 0.819484240688 0.850429799427 0.896848137536 0.824641833811 0.881375358166 0.903724928367 0.840114613181 0.85558739255 1.01213720317 0.873579545455 0.950141643059 0.946348314607 0.837784090909 0.860744985673 1.06835106383 0.850277777778 0.734173669468 0.708963585434 0.711570247934 0.840266666667 0.786813186813 0.668802228412 0.757967032967 0.840161725067 0.834139784946 
0.201724137931 0.465517241379 0.579885057471 0.562745098039 0.562745098039 0.562356321839 0.465517241379 0.413793103448 0.434482758621 0.0 0.144827586207 0.455172413793 0.23275862069 0.191379310345 0.144827586207 0.518965517241 0.560344827586 0.206896551724 0.598039215686 0.191379310345 0.6 0.527586206897 0.522413793103 0.778223495702 1.00444444444 1.00444444444 0.805367231638 0.876 0.798853868195 0.881661891117 0.87106017192 0.773011363636 0.793465909091 0.781534090909 0.737215909091 0.803693181818 0.798853868195 0.828857142857 0.793696275072 0.829799426934 0.819484240688 0.798853868195 1.02944444444 1.01444444444 0.814326647564 0.816 0.819197707736 0.829799426934 0.920604395604 0.829799426934 0.840114613181 0.860744985673 0.969054441261 0.814326647564 0.891690544413 0.894722222222 0.814326647564 0.850429799427 0.784090909091 0.891690544413 0.907163323782 0.852722063037 0.79323943662 0.819718309859 0.907163323782 0.946112600536 0.834957020057 0.944011142061 0.804584527221 0.882521489971 0.87106017192 0.834957020057 0.839488636364 0.796875 0.809169054441 0.804011461318 0.814326647564 0.87106017192 0.798853868195 0.829799426934 0.857306590258 0.804011461318 0.834957020057 0.955145118734 0.827556818182 0.970538243626 0.941292134831 0.786647727273 0.840114613181 1.08271276596 0.860277777778 0.673669467787 0.708963585434 0.726446280992 0.864266666667 0.752197802198 0.678830083565 0.678846153846 0.81590296496 0.809946236559 
0.139655172414 0.491379310345 0.595402298851 0.582913165266 0.582913165266 0.608908045977 0.475862068966 0.434482758621 0.45 0.144827586207 0.0 0.475862068966 0.212068965517 0.160344827586 0.0568965517241 0.544827586207 0.606896551724 0.181034482759 0.628291316527 0.144827586207 0.589655172414 0.53275862069 0.537931034483 0.757593123209 1.03444444444 1.03444444444 0.795197740113 0.881142857143 0.783381088825 0.881661891117 0.85558739255 0.798579545455 0.808806818182 0.786647727273 0.783238636364 0.808806818182 0.788538681948 0.859714285714 0.788538681948 0.804011461318 0.804011461318 0.809169054441 1.03444444444 1.02444444444 0.804011461318 0.790285714286 0.844985673352 0.814326647564 0.915659340659 0.840114613181 0.850429799427 0.85558739255 0.969054441261 0.819484240688 0.891690544413 0.884722222222 0.819484240688 0.834957020057 0.799431818182 0.902005730659 0.912320916905 0.852722063037 0.79323943662 0.809577464789 0.891690544413 0.955764075067 0.814326647564 0.954038997214 0.814899713467 0.892836676218 0.886532951289 0.804011461318 0.844602272727 0.807102272727 0.804011461318 0.845272206304 0.840114613181 0.865902578797 0.793696275072 0.834957020057 0.862464183381 0.804011461318 0.814326647564 0.955145118734 0.842897727273 0.970538243626 0.936235955056 0.771306818182 0.87106017192 1.09707446809 0.815277777778 0.643417366947 0.673669467787 0.696694214876 0.873866666667 0.722527472527 0.658774373259 0.673901098901 0.81590296496 0.824462365591 
0.481034482759 0.475862068966 0.605747126437 0.6081232493 0.6081232493 0.526149425287 0.444827586207 0.23275862069 0.103448275862 0.455172413793 0.475862068966 0.0 0.501724137931 0.465517241379 0.470689655172 0.565517241379 0.586206896552 0.460344827586 0.582913165266 0.491379310345 0.620689655172 0.331034482759 0.460344827586 0.834957020057 1.02444444444 0.969444444444 0.861299435028 0.886285714286 0.834957020057 0.886819484241 0.932951289398 0.885511363636 0.890625 0.858238636364 0.844602272727 0.849715909091 0.865902578797 0.880285714286 0.87106017192 0.865902578797 0.881375358166 0.87106017192 1.00944444444 1.01444444444 0.891690544413 0.888 0.860458452722 0.865902578797 0.905769230769 0.840114613181 0.876217765043 0.865902578797 0.917478510029 0.876217765043 0.876217765043 0.889722222222 0.865902578797 0.85558739255 0.855681818182 0.87106017192 0.896848137536 0.863037249284 0.838873239437 0.819718309859 0.917478510029 0.98471849866 0.896848137536 0.979108635097 0.830372492837 0.913467048711 0.881375358166 0.87106017192 0.905965909091 0.863352272727 0.85558739255 0.809169054441 0.845272206304 0.87106017192 0.85558739255 0.85558739255 0.914040114613 0.881375358166 0.87106017192 0.969393139842 0.919602272727 0.950141643059 0.936235955056 0.858238636364 0.860744985673 1.03484042553 0.855277777778 0.774509803922 0.744257703081 0.731404958678 0.821066666667 0.811538461538 0.693871866295 0.787637362637 0.801347708895 0.829301075269 
0.212068965517 0.527586206897 0.600574712644 0.587955182073 0.587955182073 0.603735632184 0.512068965517 0.491379310345 0.460344827586 0.23275862069 0.212068965517 0.501724137931 0.0 0.263793103448 0.212068965517 0.586206896552 0.63275862069 0.258620689655 0.62324929972 0.237931034483 0.563793103448 0.527586206897 0.491379310345 0.804011461318 1.01944444444 1.01444444444 0.815536723164 0.881142857143 0.798853868195 0.866189111748 0.881375358166 0.808806818182 0.808806818182 0.796875 0.778125 0.824147727273 0.804011461318 0.854571428571 0.793696275072 0.814326647564 0.829799426934 0.840114613181 1.03944444444 1.04944444444 0.840114613181 0.821142857143 0.82435530086 0.834957020057 0.930494505495 0.834957020057 0.876217765043 0.881375358166 0.989684813754 0.840114613181 0.907163323782 0.879722222222 0.845272206304 0.850429799427 0.819886363636 0.896848137536 0.902005730659 0.842406876791 0.788169014085 0.82985915493 0.912320916905 0.955764075067 0.834957020057 0.989136490251 0.773638968481 0.892836676218 0.891690544413 0.850429799427 0.854829545455 0.781534090909 0.814326647564 0.845272206304 0.824641833811 0.886532951289 0.804011461318 0.845272206304 0.857306590258 0.829799426934 0.819484240688 0.97889182058 0.812215909091 0.950141643059 0.946348314607 0.817329545455 0.829799426934 1.10186170213 0.870277777778 0.663585434174 0.714005602241 0.701652892562 0.835466666667 0.752197802198 0.728969359331 0.723351648352 0.830458221024 0.795430107527 
0.170689655172 0.455172413793 0.600574712644 0.567787114846 0.567787114846 0.598563218391 0.475862068966 0.429310344828 0.455172413793 0.191379310345 0.160344827586 0.465517241379 0.263793103448 0.0 0.144827586207 0.513793103448 0.575862068966 0.175862068966 0.598039215686 0.196551724138 0.584482758621 0.501724137931 0.527586206897 0.778223495702 1.02444444444 1.02444444444 0.830790960452 0.870857142857 0.804011461318 0.866189111748 0.865902578797 0.813920454545 0.824147727273 0.791761363636 0.783238636364 0.829261363636 0.809169054441 0.859714285714 0.798853868195 0.834957020057 0.824641833811 0.824641833811 1.01944444444 1.05944444444 0.824641833811 0.810857142857 0.834670487106 0.840114613181 0.910714285714 0.85558739255 0.850429799427 0.840114613181 0.958739255014 0.834957020057 0.902005730659 0.894722222222 0.850429799427 0.845272206304 0.819886363636 0.912320916905 0.932951289398 0.837249283668 0.80338028169 0.814647887324 0.927793696275 0.970241286863 0.845272206304 0.974094707521 0.814899713467 0.906017191977 0.87106017192 0.840114613181 0.829261363636 0.812215909091 0.824641833811 0.829799426934 0.829799426934 0.881375358166 0.804011461318 0.824641833811 0.831518624642 0.840114613181 0.850429799427 0.974142480211 0.832670454545 0.980736543909 0.951404494382 0.807102272727 0.834957020057 1.0875 0.835277777778 0.673669467787 0.693837535014 0.686776859504 0.869066666667 0.771978021978 0.678830083565 0.723351648352 0.801347708895 0.843817204301 
0.134482758621 0.486206896552 0.569540229885 0.59299719888 0.59299719888 0.61408045977 0.470689655172 0.455172413793 0.475862068966 0.144827586207 0.0568965517241 0.470689655172 0.212068965517 0.144827586207 0.0 0.555172413793 0.581034482759 0.160344827586 0.62324929972 0.139655172414 0.594827586207 0.527586206897 0.53275862069 0.778223495702 1.02444444444 1.01444444444 0.815536723164 0.881142857143 0.793696275072 0.881661891117 0.860744985673 0.808806818182 0.824147727273 0.801988636364 0.793465909091 0.824147727273 0.824641833811 0.839142857143 0.793696275072 0.840114613181 0.824641833811 0.829799426934 1.03444444444 1.01944444444 0.829799426934 0.821142857143 0.82435530086 0.834957020057 0.910714285714 0.840114613181 0.85558739255 0.850429799427 0.979369627507 0.834957020057 0.896848137536 0.879722222222 0.840114613181 0.845272206304 0.809659090909 0.896848137536 0.917478510029 0.85787965616 0.808450704225 0.82985915493 0.907163323782 0.946112600536 0.850429799427 0.959052924791 0.825214899713 0.892836676218 0.881375358166 0.809169054441 0.865056818182 0.827556818182 0.840114613181 0.845272206304 0.834957020057 0.865902578797 0.824641833811 0.834957020057 0.867621776504 0.829799426934 0.845272206304 0.945646437995 0.832670454545 0.955240793201 0.946348314607 0.776420454545 0.865902578797 1.09707446809 0.825277777778 0.66862745098 0.688795518207 0.706611570248 0.854666666667 0.732417582418 0.673816155989 0.688736263736 0.820754716981 0.829301075269 
0.555172413793 0.513793103448 0.669942196532 0.498319327731 0.493277310924 0.652161383285 0.596551724138 0.508620689655 0.570689655172 0.518965517241 0.544827586207 0.565517241379 0.586206896552 0.513793103448 0.555172413793 0.0 0.468208092486 0.560344827586 0.513445378151 0.518965517241 0.524137931034 0.555172413793 0.524137931034 0.888252148997 1.11611111111 1.02111111111 0.888418079096 0.888 0.857306590258 0.947838616715 0.970773638968 0.847714285714 0.868285714286 0.870170454545 0.796285714286 0.832285714286 0.877936962751 0.928285714286 0.872779369628 0.914040114613 0.929512893983 0.929512893983 1.07111111111 1.10111111111 0.944985673352 0.906896551724 0.857020057307 0.934670487106 0.991483516484 0.903724928367 0.90888252149 0.90888252149 0.981088825215 0.92435530086 0.919197707736 0.953910614525 0.872779369628 0.934670487106 0.895428571429 0.92435530086 0.975931232092 0.916332378223 0.845633802817 0.867042253521 0.986246418338 1.00563002681 0.965616045845 0.952661064426 0.87335243553 0.932564841499 0.955300859599 0.929512893983 0.863142857143 0.870170454545 0.872779369628 0.883094555874 0.903724928367 1.00171919771 0.92435530086 0.919197707736 0.953890489914 0.939828080229 0.975931232092 1.00422163588 0.916193181818 0.992634560907 0.983426966292 0.834375 0.872779369628 1.12260638298 0.796944444444 0.720728291317 0.710644257703 0.757851239669 0.870666666667 0.828021978022 0.710584958217 0.76456043956 0.866037735849 0.908333333333 
0.612068965517 0.601724137931 0.71676300578 0.397478991597 0.39243697479 0.600288184438 0.596551724138 0.596551724138 0.601724137931 0.560344827586 0.606896551724 0.586206896552 0.63275862069 0.575862068966 0.581034482759 0.468208092486 0.0 0.570689655172 0.210924369748 0.586206896552 0.560344827586 0.668965517241 0.622413793103 0.965616045845 1.08611111111 1.07111111111 0.979943502825 0.918857142857 0.919197707736 0.999711815562 0.975931232092 0.909428571429 0.924857142857 0.911079545455 0.878571428571 0.873428571429 0.960458452722 0.969428571429 0.877936962751 0.970773638968 0.944985673352 0.950143266476 1.06611111111 1.05611111111 0.991404011461 0.958620689655 0.882808022923 0.970773638968 0.986538461538 0.944985673352 0.965616045845 0.939828080229 1.00687679083 1.01203438395 0.970773638968 0.968994413408 0.960458452722 0.981088825215 0.926285714286 0.970773638968 0.981088825215 0.993696275072 0.947042253521 0.958309859155 1.01719197708 1.01045576408 0.944985673352 1.0081232493 0.940401146132 0.953314121037 1.0223495702 1.00171919771 0.868285714286 0.921306818182 0.965616045845 0.92435530086 0.970773638968 0.991404011461 1.01719197708 0.991404011461 1.00057636888 0.981088825215 0.996561604585 1.06121372032 0.982670454545 1.01813031161 1.03904494382 0.875284090909 0.944985673352 1.12260638298 0.871944444444 0.816526610644 0.77619047619 0.787603305785 0.885066666667 0.862637362637 0.775766016713 0.848626373626 0.9 0.922849462366 
0.196551724138 0.475862068966 0.61091954023 0.587955182073 0.587955182073 0.552011494253 0.475862068966 0.424137931034 0.439655172414 0.206896551724 0.181034482759 0.460344827586 0.258620689655 0.175862068966 0.160344827586 0.560344827586 0.570689655172 0.0 0.603081232493 0.21724137931 0.605172413793 0.501724137931 0.543103448276 0.773065902579 1.03444444444 1.01444444444 0.810451977401 0.886285714286 0.778223495702 0.840401146132 0.860744985673 0.783238636364 0.788352272727 0.766193181818 0.752556818182 0.778125 0.804011461318 0.854571428571 0.804011461318 0.840114613181 0.819484240688 0.804011461318 1.01944444444 1.01944444444 0.819484240688 0.78 0.80888252149 0.829799426934 0.905769230769 0.824641833811 0.845272206304 0.860744985673 0.963896848138 0.814326647564 0.891690544413 0.879722222222 0.824641833811 0.819484240688 0.773863636364 0.896848137536 0.896848137536 0.826934097421 0.783098591549 0.804507042254 0.917478510029 0.960589812332 0.834957020057 0.979108635097 0.809742120344 0.882521489971 0.865902578797 0.829799426934 0.819034090909 0.786647727273 0.819484240688 0.819484240688 0.804011461318 0.860744985673 0.819484240688 0.840114613181 0.862464183381 0.824641833811 0.850429799427 0.964643799472 0.863352272727 0.939943342776 0.92106741573 0.771306818182 0.834957020057 1.10664893617 0.850277777778 0.658543417367 0.678711484594 0.69173553719 0.835466666667 0.727472527473 0.658774373259 0.683791208791 0.825606469003 0.829301075269 
0.643417366947 0.587955182073 0.734173669468 0.352941176471 0.347899159664 0.611764705882 0.59299719888 0.598039215686 0.582913165266 0.598039215686 0.628291316527 0.582913165266 0.62324929972 0.598039215686 0.62324929972 0.513445378151 0.210924369748 0.603081232493 0.0 0.603081232493 0.557703081232 0.663585434174 0.603081232493 0.972905027933 1.06585365854 1.0756097561 0.971900826446 0.937325905292 0.917597765363 0.987709497207 0.993016759777 0.920775623269 0.920775623269 0.894736842105 0.885872576177 0.870914127424 0.942737430168 0.986629526462 0.892458100559 0.967877094972 0.977932960894 0.95782122905 1.07073170732 1.06097560976 0.998044692737 0.918384401114 0.89217877095 0.993016759777 0.997855227882 0.962849162011 0.993016759777 0.962849162011 0.993016759777 0.998044692737 0.952793296089 0.948509485095 0.937709497207 0.952793296089 0.946537396122 0.982960893855 0.977932960894 0.980167597765 0.939835164835 0.921153846154 0.998044692737 0.987958115183 0.947765363128 1.01141304348 0.943296089385 0.953351955307 1.0030726257 0.998044692737 0.860941828255 0.894736842105 0.947765363128 0.927653631285 0.972905027933 0.987988826816 0.982960893855 0.982960893855 1.01424581006 0.972905027933 0.95782122905 1.06572164948 0.969529085873 1.01906077348 1.0197260274 0.874792243767 0.942737430168 1.16311688312 0.866666666667 0.832240437158 0.792896174863 0.745698924731 0.884375 0.862466487936 0.777717391304 0.882573726542 0.898947368421 0.882939632546 
0.160344827586 0.491379310345 0.605747126437 0.547619047619 0.547619047619 0.583045977011 0.522413793103 0.470689655172 0.460344827586 0.191379310345 0.144827586207 0.491379310345 0.237931034483 0.196551724138 0.139655172414 0.518965517241 0.586206896552 0.21724137931 0.603081232493 0.0 0.574137931034 0.496551724138 0.512068965517 0.762750716332 1.00944444444 0.999444444444 0.815536723164 0.855428571429 0.824641833811 0.876504297994 0.850429799427 0.808806818182 0.824147727273 0.807102272727 0.773011363636 0.813920454545 0.804011461318 0.885428571429 0.793696275072 0.824641833811 0.840114613181 0.860744985673 1.02944444444 1.03944444444 0.834957020057 0.805714285714 0.82435530086 0.850429799427 0.960164835165 0.850429799427 0.876217765043 0.865902578797 0.958739255014 0.850429799427 0.917478510029 0.899722222222 0.829799426934 0.829799426934 0.804545454545 0.938108882521 0.938108882521 0.893982808023 0.79323943662 0.799436619718 0.953581661891 0.955764075067 0.860744985673 0.954038997214 0.85100286533 0.900286532951 0.912320916905 0.834957020057 0.839488636364 0.807102272727 0.819484240688 0.891690544413 0.881375358166 0.891690544413 0.819484240688 0.87106017192 0.867621776504 0.834957020057 0.829799426934 0.974142480211 0.832670454545 0.975637393768 0.956460674157 0.771306818182 0.886532951289 1.11622340426 0.810277777778 0.678711484594 0.698879551821 0.686776859504 0.854666666667 0.732417582418 0.663788300836 0.668956043956 0.835309973046 0.824462365591 
0.620689655172 0.656896551724 0.647126436782 0.59299719888 0.598039215686 0.583045977011 0.605172413793 0.620689655172 0.656896551724 0.6 0.589655172414 0.620689655172 0.563793103448 0.584482758621 0.594827586207 0.524137931034 0.560344827586 0.605172413793 0.557703081232 0.574137931034 0.0 0.651724137931 0.620689655172 0.912320916905 1.03444444444 1.02944444444 0.95790960452 0.942857142857 0.876217765043 0.989971346705 0.98452722063 0.972443181818 0.951988636364 0.919602272727 0.905965909091 0.921306818182 0.98452722063 0.936857142857 0.979369627507 0.989684813754 0.948424068768 0.963896848138 1.03944444444 1.09444444444 0.994842406877 0.934285714286 0.886246418338 1.0 0.979945054945 0.958739255014 1.0 0.932951289398 0.994842406877 0.963896848138 0.974212034384 1.00472222222 0.917478510029 0.953581661891 0.942613636364 0.948424068768 0.98452722063 0.945558739255 0.899718309859 0.941408450704 1.01547277937 1.01849865952 0.958739255014 1.02924791086 0.897421203438 0.959885386819 0.989684813754 0.932951289398 0.916193181818 0.945170454545 0.98452722063 0.938108882521 0.938108882521 0.912320916905 0.989684813754 0.969054441261 0.991404011461 1.02063037249 0.974212034384 1.04538258575 0.960511363636 1.03172804533 1.03230337079 0.914488636364 0.922636103152 1.10186170213 0.850277777778 0.703921568627 0.688795518207 0.771074380165 0.912266666667 0.880769230769 0.708913649025 0.851923076923 0.917789757412 0.897043010753 
0.51724137931 0.512068965517 0.616091954023 0.62324929972 0.62324929972 0.572701149425 0.543103448276 0.279310344828 0.341379310345 0.527586206897 0.53275862069 0.331034482759 0.527586206897 0.501724137931 0.527586206897 0.555172413793 0.668965517241 0.501724137931 0.663585434174 0.496551724138 0.651724137931 0.0 0.491379310345 0.865902578797 0.984444444444 0.964444444444 0.886723163842 0.917142857143 0.85558739255 0.866189111748 0.938108882521 0.880397727273 0.941761363636 0.899147727273 0.844602272727 0.865056818182 0.865902578797 0.87 0.876217765043 0.912320916905 0.917478510029 0.886532951289 0.959444444444 1.01944444444 0.896848137536 0.924 0.870773638968 0.912320916905 0.960164835165 0.876217765043 0.891690544413 0.865902578797 0.943266475645 0.896848137536 0.922636103152 0.889722222222 0.860744985673 0.886532951289 0.917045454545 0.896848137536 0.917478510029 0.868194842407 0.864225352113 0.85014084507 0.963896848138 0.970241286863 0.891690544413 0.954038997214 0.871633237822 0.931805157593 0.850429799427 0.876217765043 0.926420454545 0.919602272727 0.845272206304 0.829799426934 0.865902578797 0.876217765043 0.850429799427 0.891690544413 0.929512893983 0.876217765043 0.902005730659 0.959894459103 0.878693181818 0.960339943343 0.936235955056 0.883806818182 0.85558739255 1.04920212766 0.845277777778 0.769467787115 0.759383753501 0.756198347107 0.821066666667 0.791758241758 0.728969359331 0.782692307692 0.811051212938 0.814784946237 
0.512068965517 0.346551724138 0.621264367816 0.577871148459 0.577871148459 0.526149425287 0.501724137931 0.470689655172 0.470689655172 0.522413793103 0.537931034483 0.460344827586 0.491379310345 0.527586206897 0.53275862069 0.524137931034 0.622413793103 0.543103448276 0.603081232493 0.512068965517 0.620689655172 0.491379310345 0.0 0.840114613181 1.05944444444 1.01444444444 0.876553672316 0.896571428571 0.824641833811 0.912607449857 0.902005730659 0.905965909091 0.936647727273 0.868465909091 0.849715909091 0.905965909091 0.865902578797 0.885428571429 0.819484240688 0.85558739255 0.886532951289 0.896848137536 1.07444444444 1.07444444444 0.907163323782 0.877714285714 0.829512893983 0.891690544413 0.915659340659 0.824641833811 0.886532951289 0.85558739255 0.98452722063 0.886532951289 0.907163323782 0.874722222222 0.840114613181 0.850429799427 0.927272727273 0.886532951289 0.953581661891 0.919770773639 0.859154929577 0.890704225352 0.912320916905 0.975067024129 0.932951289398 0.999164345404 0.804584527221 0.897994269341 0.891690544413 0.881375358166 0.890625 0.894034090909 0.865902578797 0.824641833811 0.881375358166 0.876217765043 0.881375358166 0.902005730659 0.919197707736 0.896848137536 0.891690544413 0.993139841689 0.863352272727 0.950141643059 0.971629213483 0.888920454545 0.865902578797 1.10186170213 0.790277777778 0.719047619048 0.698879551821 0.71652892562 0.821066666667 0.786813186813 0.678830083565 0.827197802198 0.806199460916 0.853494623656 
0.778223495702 0.834957020057 0.928366762178 0.907541899441 0.907541899441 0.905730659026 0.840114613181 0.809169054441 0.798853868195 0.778223495702 0.757593123209 0.834957020057 0.804011461318 0.778223495702 0.778223495702 0.888252148997 0.965616045845 0.773065902579 0.972905027933 0.762750716332 0.912320916905 0.865902578797 0.840114613181 0.0 1.01073446328 1.01073446328 0.44649122807 0.744807121662 0.444642857143 0.605654761905 0.546428571429 0.707669616519 0.728908554572 0.716519174041 0.681120943953 0.744837758112 0.503571428571 0.578338278932 0.658928571429 0.514285714286 0.514285714286 0.541071428571 1.00056497175 1.05649717514 0.519642857143 0.613056379822 0.787202380952 0.530357142857 0.678347578348 0.525 0.514285714286 0.519642857143 0.610714285714 0.498214285714 0.567857142857 0.856772334294 0.316071428571 0.332142857143 0.784256559767 0.632142857143 0.573214285714 0.559523809524 0.445029239766 0.483040935673 0.546428571429 0.961944444444 0.557142857143 0.935511363636 0.509792284866 0.590476190476 0.658928571429 0.589285714286 0.728908554572 0.705899705015 0.508928571429 0.546428571429 0.541071428571 0.573214285714 0.4875 0.616071428571 0.633928571429 0.476785714286 0.519642857143 0.990163934426 0.546607669617 1.01348973607 0.973469387755 0.732448377581 0.530357142857 1.01382113821 1.01689750693 0.917597765363 0.927653631285 0.827747252747 0.99920212766 0.907692307692 0.911388888889 0.843681318681 0.997035040431 0.950136239782 
1.00444444444 0.999444444444 1.045 1.09512195122 1.09512195122 1.02305555556 1.05444444444 1.02444444444 1.01944444444 1.00444444444 1.03444444444 1.02444444444 1.01944444444 1.02444444444 1.02444444444 1.11611111111 1.08611111111 1.03444444444 1.06585365854 1.00944444444 1.03444444444 0.984444444444 1.05944444444 1.01073446328 0.0 0.384210526316 1.00305555556 1.03492957746 0.975141242938 0.932102272727 0.985310734463 0.973389355742 1.018767507 0.981792717087 0.998599439776 1.02380952381 0.980225988701 0.963661971831 1.04124293785 0.980225988701 0.975141242938 0.964971751412 0.542105263158 0.663157894737 1.01073446328 0.925633802817 1.00028248588 0.964971751412 0.946612466125 0.924293785311 0.934463276836 0.939548022599 0.924293785311 0.944632768362 0.985310734463 0.931232876712 0.985310734463 0.964971751412 1.02464985994 0.929378531073 0.949717514124 0.972316384181 0.941666666667 0.912777777778 0.964971751412 0.994892473118 0.949717514124 0.998579545455 0.92338028169 0.928248587571 0.954802259887 0.939548022599 0.988515406162 1.02212885154 0.980225988701 0.939548022599 0.970056497175 0.919209039548 0.990395480226 0.949717514124 1.01242937853 0.995480225989 0.990395480226 1.00729166667 0.951540616246 0.989801699717 1.06281690141 0.956582633053 0.949717514124 0.786312849162 1.1561827957 1.10487804878 1.07073170732 1.07706666667 0.988372093023 1.0743315508 1.08814016173 1.068 1.00602094241 1.09444444444 
1.00444444444 0.994444444444 1.005 1.05609756098 1.05609756098 0.983055555556 0.989444444444 0.984444444444 0.984444444444 1.00444444444 1.03444444444 0.969444444444 1.01444444444 1.02444444444 1.01444444444 1.02111111111 1.07111111111 1.01444444444 1.0756097561 0.999444444444 1.02944444444 0.964444444444 1.01444444444 1.01073446328 0.384210526316 0.0 0.998055555556 0.994366197183 0.975141242938 0.926988636364 0.990395480226 0.953221288515 1.00868347339 0.96162464986 0.988515406162 0.988515406162 1.00056497175 0.958591549296 0.970056497175 0.995480225989 1.00056497175 0.954802259887 0.610526315789 0.621052631579 1.04124293785 0.950985915493 0.91384180791 0.985310734463 0.951490514905 0.909039548023 0.929378531073 0.934463276836 0.929378531073 0.990395480226 0.964971751412 0.926301369863 0.990395480226 0.954802259887 0.989355742297 0.90395480226 0.95988700565 0.982485875706 0.931666666667 0.912777777778 0.964971751412 1.01908602151 0.970056497175 0.978125 0.928450704225 0.920338983051 0.964971751412 0.949717514124 0.973389355742 0.986834733894 1.01581920904 0.964971751412 0.95988700565 0.975141242938 0.980225988701 0.95988700565 1.00734463277 0.995480225989 0.95988700565 1.00260416667 0.916246498599 0.989801699717 1.0476056338 0.94649859944 0.934463276836 0.715921787709 1.13198924731 1.04634146341 1.03170731707 1.06746666667 0.979069767442 1.02139037433 1.07843665768 1.0632 1.00130890052 1.09920634921 
0.825706214689 0.851129943503 0.902542372881 0.902479338843 0.902479338843 0.951412429379 0.866384180791 0.825706214689 0.820621468927 0.805367231638 0.795197740113 0.861299435028 0.815536723164 0.830790960452 0.815536723164 0.888418079096 0.979943502825 0.810451977401 0.971900826446 0.815536723164 0.95790960452 0.886723163842 0.876553672316 0.44649122807 1.00305555556 0.998055555556 0.0 0.736151603499 0.499122807018 0.55730994152 0.583333333333 0.638596491228 0.664912280702 0.647368421053 0.659649122807 0.701754385965 0.55701754386 0.593002915452 0.630701754386 0.541228070175 0.567543859649 0.572807017544 0.968055555556 1.04305555556 0.562280701754 0.606705539359 0.798830409357 0.578070175439 0.653977272727 0.567543859649 0.604385964912 0.562280701754 0.620175438596 0.572807017544 0.64649122807 0.861756373938 0.409649122807 0.44649122807 0.728653295129 0.625438596491 0.572807017544 0.617251461988 0.515160349854 0.45860058309 0.609649122807 0.930054644809 0.541228070175 0.904201680672 0.510495626822 0.566374269006 0.662280701754 0.55701754386 0.664912280702 0.642105263158 0.55701754386 0.525438596491 0.525438596491 0.588596491228 0.541228070175 0.672807017544 0.637719298246 0.551754385965 0.572807017544 0.983064516129 0.605263157895 0.96773255814 0.914942528736 0.684210526316 0.54649122807 1.0448 1.06448087432 0.947107438017 0.932231404959 0.862872628726 0.967810026385 0.863143631436 0.906301369863 0.843902439024 0.98085106383 0.949865229111 
